Loading gap-files/IPADs-3.json...
Loaded 461925 entries

Loading D-and-small-group-id.json...
Loaded 461925 D-to-IdSmallGroup mappings

Normalizing IPADs and counting types...

================================================================================
Results: Normalized IPAD Type Counts
================================================================================
Total entries: 461925
Unique normalized IPAD types: 345

================================================================================
IPAD Type Counts with IdSmallGroup (sorted by frequency, descending):
================================================================================
Rank   Count    IdSmallGroup         Normalized IPAD
----------------------------------------------------------------------------------------------------
1      83353    [ 243, 5 ]           [[3, 3], [[[3, 3, 3], 1], [[9, 3], 3]]]
2      55310    [ 243, 18 ]          [[9, 3], [[[9, 3, 3], 2], [[27, 3], 2]]]
3      41398    [ 243, 7 ]           [[3, 3], [[[3, 3, 3], 2], [[9, 3], 2]]]
4      40968    [ 243, 4 ]           [[3, 3], [[[3, 3, 3], 3], [[9, 3], 1]]]
5      36458    [ 243, 8 ]           [[3, 3], [[[9, 3], 3], [[27, 9], 1]]]
6      35923    [ 243, 6 ]           [[3, 3], [[[3, 3, 3], 1], [[9, 3], 2], [[27, 9], 1]]]
7      18422    [ 243, 18 ]          [[27, 3], [[[27, 3, 3], 2], [[81, 3], 2]]]
8      15541    [ 243, 3 ]           [[3, 3], [[[3, 3, 3], 2], [[27, 9], 2]]]
9      15037    [ 243, 17 ]          [[9, 3], [[[9, 3, 3], 1], [[27, 3], 2], [[27, 9, 3], 1]]]
10     10426    [ 243, 9 ]           [[3, 3], [[[9, 3], 4]]]
11     9335     [ 243, 14 ]          [[9, 3], [[[9, 3, 3], 1], [[27, 3], 3]]]
12     9000     [ 243, 13 ]          [[9, 3], [[[3, 3, 3, 3], 1], [[27, 3], 3]]]
13     8955     [ 243, 17 ]          [[9, 3], [[[9, 3, 3], 1], [[9, 9, 9], 1], [[27, 3], 2]]]
14     8165     [ 243, 15 ]          [[9, 3], [[[27, 3], 3], [[27, 9, 3], 1]]]
15     6002     [ 243, 18 ]          [[81, 3], [[[81, 3, 3], 2], [[243, 3], 2]]]
16     5940     [ 243, 17 ]          [[27, 3], [[[27, 3, 3], 1], [[81, 3], 2], [[81, 9, 3], 1]]]
17     3993     [ 243, 8 ]           [[3, 3], [[[9, 3], 3], [[81, 27], 1]]]
18     3837     [ 243, 6 ]           [[3, 3], [[[3, 3, 3], 1], [[9, 3], 2], [[81, 27], 1]]]
19     3197     [ 243, 3 ]           [[3, 3], [[[3, 3, 3], 2], [[27, 9], 1], [[81, 27], 1]]]
20     3059     [ 243, 14 ]          [[27, 3], [[[9, 9, 3], 1], [[81, 3], 3]]]
21     2967     [ 243, 13 ]          [[27, 3], [[[9, 3, 3, 3], 1], [[81, 3], 3]]]
22     2885     [ 729, 12 ]          [[9, 3], [[[3, 3, 3, 3], 1], [[9, 3, 3], 3]]]
23     2786     [ 243, 15 ]          [[27, 3], [[[27, 9, 9], 1], [[81, 3], 3]]]
24     2523     [ 243, 17 ]          [[9, 3], [[[9, 3, 3], 1], [[27, 3], 2], [[81, 27, 3], 1]]]
25     2495     [ 729, 10 ]          [[9, 3], [[[9, 3, 3], 3], [[27, 9, 3], 1]]]
26     2127     [ 729, 11 ]          [[9, 3], [[[9, 3, 3], 2], [[27, 9, 3], 2]]]
27     1993     [ 243, 17 ]          [[27, 3], [[[27, 3, 3], 1], [[27, 9, 9], 1], [[81, 3], 2]]]
28     1959     [ 243, 17 ]          [[81, 3], [[[81, 3, 3], 1], [[243, 3], 2], [[243, 9, 3], 1]]]
29     1511     [ 243, 18 ]          [[243, 3], [[[243, 3, 3], 2], [[729, 3], 2]]]
30     1498     [ 729, 10 ]          [[9, 3], [[[9, 3, 3], 3], [[9, 9, 9], 1]]]
31     1291     [ 729, 11 ]          [[9, 3], [[[9, 3, 3], 2], [[9, 9, 9], 1], [[27, 9, 3], 1]]]
32     1016     [ 243, 14 ]          [[81, 3], [[[27, 9, 3], 1], [[243, 3], 3]]]
33     1009     [ 243, 13 ]          [[81, 3], [[[27, 3, 3, 3], 1], [[243, 3], 3]]]
34     996      [ 729, 10 ]          [[27, 3], [[[9, 9, 3], 1], [[27, 3, 3], 2], [[81, 9, 3], 1]]]
35     968      [ 729, 12 ]          [[27, 3], [[[9, 3, 3, 3], 1], [[27, 3, 3], 3]]]
36     854      [ 243, 15 ]          [[9, 3], [[[27, 3], 3], [[81, 27, 3], 1]]]
37     813      [ 729, 11 ]          [[27, 3], [[[27, 3, 3], 2], [[27, 9, 9], 1], [[81, 9, 3], 1]]]
38     782      [ 243, 2 ]           [[9, 9], [[[27, 3, 3], 4]]]
39     686      [ 243, 2 ]           [[27, 9], [[[27, 9, 3], 2], [[81, 3, 3], 2]]]
40     678      [ 243, 15 ]          [[81, 3], [[[81, 9, 9], 1], [[243, 3], 3]]]
41     666      [ 243, 17 ]          [[81, 3], [[[81, 3, 3], 1], [[81, 9, 9], 1], [[243, 3], 2]]]
42     657      [ 243, 2 ]           [[9, 9], [[[9, 9, 3], 1], [[27, 3, 3], 3]]]
43     561      [ 729, 11 ]          [[9, 3], [[[9, 3, 3], 2], [[27, 9, 3], 1], [[81, 27, 3], 1]]]
44     553      [ 243, 17 ]          [[27, 3], [[[27, 3, 3], 1], [[81, 3], 2], [[81, 27, 9], 1]]]
45     511      [ 243, 17 ]          [[243, 3], [[[243, 3, 3], 1], [[729, 3], 2], [[729, 9, 3], 1]]]
46     510      [ 243, 2 ]           [[9, 9], [[[9, 9, 3], 2], [[27, 3, 3], 2]]]
47     498      [ 729, 26 ]          [[9, 9], [[[9, 9, 3], 1], [[27, 3, 3], 2], [[27, 9, 3, 3], 1]]]
48     444      [ 729, 9 ]           [[9, 3], [[[3, 3, 3, 3], 1], [[9, 9, 9], 1], [[27, 9, 3], 2]]]
49     425      [ 729, 10 ]          [[9, 3], [[[9, 3, 3], 3], [[81, 27, 3], 1]]]
50     361      [ 729, 12 ]          [[81, 3], [[[27, 3, 3, 3], 1], [[81, 3, 3], 3]]]
51     354      [ 243, 6 ]           [[3, 3], [[[3, 3, 3], 1], [[9, 3], 2], [[243, 81], 1]]]
52     335      [ 243, 8 ]           [[3, 3], [[[9, 3], 3], [[243, 81], 1]]]
53     333      [ 729, 10 ]          [[27, 3], [[[9, 9, 3], 1], [[27, 3, 3], 2], [[27, 9, 9], 1]]]
54     310      [ 729, 26 ]          [[9, 9], [[[9, 9, 3], 1], [[9, 9, 9, 3], 1], [[27, 3, 3], 2]]]
55     295      [ 243, 3 ]           [[3, 3], [[[3, 3, 3], 2], [[27, 9], 1], [[243, 81], 1]]]
56     294      [ 243, 15 ]          [[27, 3], [[[81, 3], 3], [[81, 27, 9], 1]]]
57     289      [ 729, 11 ]          [[27, 3], [[[27, 3, 3], 2], [[27, 9, 9], 2]]]
58     283      [ 243, 17 ]          [[27, 3], [[[27, 3, 3], 1], [[27, 27, 27], 1], [[81, 3], 2]]]
59     262      [ 243, 13 ]          [[243, 3], [[[81, 3, 3, 3], 1], [[729, 3], 3]]]
60     261      [ 729, 10 ]          [[81, 3], [[[27, 9, 3], 1], [[81, 3, 3], 2], [[243, 9, 3], 1]]]
61     259      [ 243, 14 ]          [[243, 3], [[[81, 9, 3], 1], [[729, 3], 3]]]
62     246      [ 729, 9 ]           [[9, 3], [[[3, 3, 3, 3], 1], [[27, 9, 3], 3]]]
63     231      [ 243, 18 ]          [[729, 3], [[[729, 3, 3], 2], [[2187, 3], 2]]]
64     225      [ 243, 15 ]          [[81, 3], [[[27, 27, 9], 1], [[243, 3], 3]]]
65     225      [ 729, 9 ]           [[9, 3], [[[3, 3, 3, 3], 1], [[9, 9, 9], 2], [[27, 9, 3], 1]]]
66     219      [ 729, 11 ]          [[81, 3], [[[81, 3, 3], 2], [[81, 9, 9], 1], [[243, 9, 3], 1]]]
67     211      [ 243, 17 ]          [[9, 3], [[[9, 3, 3], 1], [[27, 3], 2], [[243, 81, 3], 1]]]
68     198      [ 729, 26 ]          [[27, 9], [[[27, 9, 3], 1], [[81, 3, 3], 2], [[81, 9, 3, 3], 1]]]
69     196      [ 243, 3 ]           [[3, 3], [[[3, 3, 3], 2], [[81, 27], 2]]]
70     186      [ 243, 17 ]          [[81, 3], [[[81, 3, 3], 1], [[243, 3], 2], [[243, 27, 9], 1]]]
71     181      [ 243, 2 ]           [[81, 9], [[[81, 9, 3], 2], [[243, 3, 3], 2]]]
72     176      [ 243, 2 ]           [[27, 9], [[[27, 9, 3], 1], [[81, 3, 3], 3]]]
73     168      [ 729, 26 ]          [[9, 9], [[[27, 3, 3], 3], [[27, 9, 3, 3], 1]]]
74     165      [ 243, 17 ]          [[243, 3], [[[243, 3, 3], 1], [[243, 9, 9], 1], [[729, 3], 2]]]
75     161      [ 243, 15 ]          [[243, 3], [[[243, 9, 9], 1], [[729, 3], 3]]]
76     151      [ 729, 9 ]           [[27, 3], [[[9, 3, 3, 3], 1], [[27, 9, 9], 1], [[81, 9, 3], 2]]]
77     144      [ 729, 9 ]           [[9, 3], [[[3, 3, 3, 3], 1], [[9, 9, 9], 1], [[27, 9, 3], 1], [[81, 27, 3], 1]]]
78     134      [ 729, 9 ]           [[9, 3], [[[3, 3, 3, 3], 1], [[27, 9, 3], 2], [[81, 27, 3], 1]]]
79     134      [ 729, 9 ]           [[27, 3], [[[9, 3, 3, 3], 1], [[81, 9, 3], 3]]]
80     124      [ 729, 10 ]          [[81, 3], [[[27, 9, 3], 1], [[81, 3, 3], 2], [[81, 9, 9], 1]]]
81     116      [ 729, 11 ]          [[9, 3], [[[9, 3, 3], 2], [[9, 9, 9], 1], [[81, 27, 3], 1]]]
82     104      [ 729, 26 ]          [[9, 9], [[[9, 9, 9, 3], 1], [[27, 3, 3], 3]]]
83     97       [ 729, 10 ]          [[243, 3], [[[81, 9, 3], 1], [[243, 3, 3], 2], [[729, 9, 3], 1]]]
84     93       [ 729, 11 ]          [[27, 3], [[[27, 3, 3], 2], [[27, 9, 9], 1], [[81, 27, 9], 1]]]
85     91       [ 729, 10 ]          [[27, 3], [[[9, 9, 3], 1], [[27, 3, 3], 2], [[81, 27, 9], 1]]]
86     90       [ 729, 26 ]          [[27, 9], [[[27, 9, 3], 3], [[81, 9, 3, 3], 1]]]
87     89       [ 729, 11 ]          [[27, 3], [[[27, 3, 3], 2], [[81, 9, 3], 1], [[81, 27, 9], 1]]]
88     89       [ 243, 17 ]          [[27, 3], [[[27, 3, 3], 1], [[81, 3], 2], [[243, 81, 9], 1]]]
89     85       [ 243, 2 ]           [[9, 9], [[[9, 9, 3], 4]]]
90     84       [ 729, 26 ]          [[9, 9], [[[9, 9, 3], 1], [[27, 3, 3], 2], [[81, 27, 3, 3], 1]]]
91     82       [ 243, 15 ]          [[9, 3], [[[27, 3], 3], [[243, 81, 3], 1]]]
92     79       [ 243, 17 ]          [[729, 3], [[[729, 3, 3], 1], [[2187, 3], 2], [[2187, 9, 3], 1]]]
93     78       [ 243, 15 ]          [[81, 3], [[[81, 27, 27], 1], [[243, 3], 3]]]
94     76       [ 243, 17 ]          [[81, 3], [[[81, 3, 3], 1], [[81, 27, 27], 1], [[243, 3], 2]]]
95     74       [ 729, 12 ]          [[243, 3], [[[81, 3, 3, 3], 1], [[243, 3, 3], 3]]]
96     69       [ 729, 11 ]          [[81, 3], [[[27, 27, 9], 1], [[81, 3, 3], 2], [[243, 9, 3], 1]]]
97     68       [ 729, 26 ]          [[27, 9], [[[27, 9, 9, 3], 1], [[81, 3, 3], 3]]]
98     67       [ 729, 26 ]          [[27, 9], [[[27, 9, 3], 1], [[27, 9, 9, 3], 1], [[81, 3, 3], 2]]]
99     62       [ 729, 11 ]          [[81, 3], [[[81, 3, 3], 2], [[81, 9, 9], 2]]]
100    61       [ 729, 11 ]          [[9, 3], [[[9, 3, 3], 2], [[27, 9, 3], 1], [[243, 81, 3], 1]]]
101    59       [ 729, 9 ]           [[9, 3], [[[3, 3, 3, 3], 1], [[9, 9, 9], 3]]]
102    59       [ 729, 11 ]          [[243, 3], [[[243, 3, 3], 2], [[243, 9, 9], 1], [[729, 9, 3], 1]]]
103    58       [ 243, 17 ]          [[243, 3], [[[243, 3, 3], 1], [[729, 3], 2], [[729, 27, 9], 1]]]
104    54       [ 729, 9 ]           [[9, 3], [[[3, 3, 3, 3], 1], [[9, 9, 9], 2], [[81, 27, 3], 1]]]
105    51       [ 729, 9 ]           [[81, 3], [[[27, 3, 3, 3], 1], [[81, 9, 9], 1], [[243, 9, 3], 2]]]
106    51       [ 729, 10 ]          [[27, 3], [[[9, 9, 3], 1], [[27, 3, 3], 2], [[27, 27, 27], 1]]]
107    51       [ 729, 26 ]          [[81, 9], [[[81, 9, 3], 1], [[243, 3, 3], 2], [[243, 9, 3, 3], 1]]]
108    50       [ 729, 26 ]          [[27, 9], [[[27, 9, 3], 3], [[27, 9, 9, 3], 1]]]
109    50       [ 729, 10 ]          [[9, 3], [[[9, 3, 3], 3], [[243, 81, 3], 1]]]
110    46       [ 243, 2 ]           [[81, 9], [[[27, 27, 3], 1], [[243, 3, 3], 3]]]
111    46       [ 243, 13 ]          [[729, 3], [[[243, 3, 3, 3], 1], [[2187, 3], 3]]]
112    43       [ 243, 3 ]           [[3, 3], [[[3, 3, 3], 2], [[81, 27], 1], [[243, 81], 1]]]
113    42       [ 729, 9 ]           [[27, 3], [[[9, 3, 3, 3], 1], [[27, 9, 9], 2], [[81, 9, 3], 1]]]
114    42       [ 243, 15 ]          [[243, 3], [[[81, 27, 9], 1], [[729, 3], 3]]]
115    38       [ 729, 11 ]          [[27, 3], [[[27, 3, 3], 2], [[27, 9, 9], 1], [[27, 27, 27], 1]]]
116    35       [ 729, 10 ]          [[243, 3], [[[81, 9, 3], 1], [[243, 3, 3], 2], [[243, 9, 9], 1]]]
117    34       [ 729, 11 ]          [[9, 3], [[[9, 3, 3], 2], [[81, 27, 3], 2]]]
118    33       [ 243, 14 ]          [[729, 3], [[[243, 9, 3], 1], [[2187, 3], 3]]]
119    32       [ 243, 15 ]          [[27, 3], [[[81, 3], 3], [[243, 81, 9], 1]]]
120    30       [ 729, 10 ]          [[81, 3], [[[27, 9, 3], 1], [[81, 3, 3], 2], [[243, 27, 9], 1]]]
121    27       [ 729, 9 ]           [[27, 3], [[[9, 3, 3, 3], 1], [[81, 9, 3], 2], [[81, 27, 9], 1]]]
122    27       [ 243, 17 ]          [[9, 3], [[[9, 3, 3], 1], [[27, 3], 2], [[729, 243, 3], 1]]]
123    26       [ 243, 17 ]          [[729, 3], [[[729, 3, 3], 1], [[729, 9, 9], 1], [[2187, 3], 2]]]
124    25       [ 729, 9 ]           [[81, 3], [[[27, 3, 3, 3], 1], [[243, 9, 3], 3]]]
125    23       [ 729, 9 ]           [[27, 3], [[[9, 3, 3, 3], 1], [[27, 9, 9], 1], [[81, 9, 3], 1], [[81, 27, 9], 1]]]
126    23       [ 243, 15 ]          [[729, 3], [[[729, 9, 9], 1], [[2187, 3], 3]]]
127    22       [ 243, 17 ]          [[243, 3], [[[243, 3, 3], 1], [[243, 27, 27], 1], [[729, 3], 2]]]
128    22       [ 729, 26 ]          [[27, 9], [[[27, 9, 3], 1], [[81, 3, 3], 2], [[81, 27, 9, 3], 1]]]
129    22       [ 243, 3 ]           [[3, 3], [[[3, 3, 3], 2], [[27, 9], 1], [[729, 243], 1]]]
130    20       [ 729, 11 ]          [[81, 3], [[[27, 27, 9], 1], [[81, 3, 3], 2], [[81, 9, 9], 1]]]
131    20       [ 729, 11 ]          [[243, 3], [[[243, 3, 3], 2], [[243, 9, 9], 2]]]
132    20       [ 729, 11 ]          [[81, 3], [[[81, 3, 3], 2], [[81, 27, 27], 1], [[243, 9, 3], 1]]]
133    20       [ 243, 8 ]           [[3, 3], [[[9, 3], 3], [[729, 243], 1]]]
134    20       [ 729, 11 ]          [[243, 3], [[[81, 27, 9], 1], [[243, 3, 3], 2], [[729, 9, 3], 1]]]
135    20       [ 729, 26 ]          [[9, 9], [[[27, 3, 3], 3], [[81, 27, 3, 3], 1]]]
136    19       [ 243, 15 ]          [[243, 3], [[[243, 27, 27], 1], [[729, 3], 3]]]
137    19       [ 243, 2 ]           [[243, 9], [[[243, 9, 3], 2], [[729, 3, 3], 2]]]
138    18       [ 729, 9 ]           [[81, 3], [[[27, 3, 3, 3], 1], [[81, 9, 9], 2], [[243, 9, 3], 1]]]
139    18       [ 243, 18 ]          [[2187, 3], [[[2187, 3, 3], 2], [[6561, 3], 2]]]
140    17       [ 729, 26 ]          [[9, 9], [[[9, 9, 3], 1], [[27, 3, 3], 2], [[243, 81, 3, 3], 1]]]
141    17       [ 729, 9 ]           [[243, 3], [[[81, 3, 3, 3], 1], [[243, 9, 9], 1], [[729, 9, 3], 2]]]
142    17       [ 729, 26 ]          [[81, 9], [[[81, 9, 3], 1], [[81, 9, 9, 3], 1], [[243, 3, 3], 2]]]
143    17       [ 729, 9 ]           [[9, 3], [[[3, 3, 3, 3], 1], [[27, 9, 3], 1], [[81, 27, 3], 2]]]
144    16       [ 729, 9 ]           [[27, 3], [[[9, 3, 3, 3], 1], [[27, 27, 27], 1], [[81, 9, 3], 2]]]
145    16       [ 729, 10 ]          [[81, 3], [[[27, 9, 3], 1], [[81, 3, 3], 2], [[81, 27, 27], 1]]]
146    15       [ 729, 11 ]          [[81, 3], [[[81, 3, 3], 2], [[81, 9, 9], 1], [[243, 27, 9], 1]]]
147    15       [ 729, 26 ]          [[27, 9], [[[9, 9, 9, 9], 1], [[81, 3, 3], 3]]]
148    15       [ 729, 26 ]          [[81, 9], [[[27, 27, 3], 1], [[81, 9, 3], 2], [[243, 9, 3, 3], 1]]]
149    14       [ 729, 11 ]          [[9, 3], [[[9, 3, 3], 2], [[9, 9, 9], 1], [[243, 81, 3], 1]]]
150    14       [ 729, 26 ]          [[243, 9], [[[243, 9, 3], 1], [[729, 3, 3], 2], [[729, 9, 3, 3], 1]]]
151    14       [ 729, 10 ]          [[729, 3], [[[243, 9, 3], 1], [[729, 3, 3], 2], [[2187, 9, 3], 1]]]
152    13       [ 729, 11 ]          [[27, 3], [[[27, 3, 3], 2], [[27, 9, 9], 1], [[243, 81, 9], 1]]]
153    13       [ 729, 10 ]          [[27, 3], [[[9, 9, 3], 1], [[27, 3, 3], 2], [[243, 81, 9], 1]]]
154    13       [ 729, 9 ]           [[81, 3], [[[27, 3, 3, 3], 1], [[243, 9, 3], 2], [[243, 27, 9], 1]]]
155    13       [ 243, 17 ]          [[81, 3], [[[81, 3, 3], 1], [[243, 3], 2], [[243, 81, 27], 1]]]
156    12       [ 729, 26 ]          [[81, 9], [[[81, 9, 9, 3], 1], [[243, 3, 3], 3]]]
157    12       [ 729, 9 ]           [[81, 3], [[[27, 3, 3, 3], 1], [[81, 9, 9], 1], [[243, 9, 3], 1], [[243, 27, 9], 1]]]
158    12       [ 243, 17 ]          [[81, 3], [[[81, 3, 3], 1], [[81, 81, 81], 1], [[243, 3], 2]]]
159    11       [ 729, 26 ]          [[27, 9], [[[81, 3, 3], 3], [[81, 27, 9, 3], 1]]]
160    11       [ 243, 6 ]           [[3, 3], [[[3, 3, 3], 1], [[9, 3], 2], [[729, 243], 1]]]
161    11       [ 729, 12 ]          [[729, 3], [[[243, 3, 3, 3], 1], [[729, 3, 3], 3]]]
162    11       [ 729, 9 ]           [[9, 3], [[[3, 3, 3, 3], 1], [[27, 9, 3], 2], [[243, 81, 3], 1]]]
163    10       [ 729, 9 ]           [[27, 3], [[[9, 3, 3, 3], 1], [[27, 9, 9], 1], [[27, 27, 27], 1], [[81, 9, 3], 1]]]
164    10       [ 729, 11 ]          [[81, 3], [[[81, 3, 3], 2], [[81, 9, 9], 1], [[81, 27, 27], 1]]]
165    10       [ 2187, 33 ]         [[9, 9], [[[9, 9, 9, 3], 1], [[27, 9, 3, 3], 3]]]
166    10       [ 729, 11 ]          [[9, 3], [[[9, 3, 3], 2], [[27, 9, 3], 1], [[729, 243, 3], 1]]]
167    10       [ 729, 11 ]          [[27, 3], [[[27, 3, 3], 2], [[81, 27, 9], 2]]]
168    10       [ 243, 15 ]          [[729, 3], [[[243, 27, 9], 1], [[2187, 3], 3]]]
169    9        [ 2187, 33 ]         [[9, 9], [[[9, 9, 9, 3], 2], [[27, 9, 3, 3], 2]]]
170    9        [ 729, 26 ]          [[27, 9], [[[27, 9, 3], 3], [[81, 27, 9, 3], 1]]]
171    9        [ 243, 2 ]           [[27, 27], [[[81, 9, 3], 4]]]
172    9        [ 729, 26 ]          [[27, 9], [[[27, 9, 3], 1], [[27, 27, 27, 3], 1], [[81, 3, 3], 2]]]
173    9        [ 243, 17 ]          [[729, 3], [[[729, 3, 3], 1], [[2187, 3], 2], [[2187, 27, 9], 1]]]
174    9        [ 729, 10 ]          [[243, 3], [[[81, 9, 3], 1], [[243, 3, 3], 2], [[729, 27, 9], 1]]]
175    9        [ 729, 9 ]           [[9, 3], [[[3, 3, 3, 3], 1], [[9, 9, 9], 1], [[81, 27, 3], 2]]]
176    9        [ 243, 2 ]           [[243, 9], [[[81, 27, 3], 1], [[729, 3, 3], 3]]]
177    8        [ 729, 9 ]           [[243, 3], [[[81, 3, 3, 3], 1], [[729, 9, 3], 3]]]
178    8        [ 729, 11 ]          [[27, 3], [[[27, 3, 3], 2], [[27, 27, 27], 1], [[81, 27, 9], 1]]]
179    8        [ 243, 15 ]          [[81, 3], [[[243, 3], 3], [[243, 81, 27], 1]]]
180    7        [ 243, 17 ]          [[27, 3], [[[27, 3, 3], 1], [[81, 3], 2], [[729, 243, 9], 1]]]
181    7        [ 729, 9 ]           [[9, 3], [[[3, 3, 3, 3], 1], [[9, 9, 9], 1], [[27, 9, 3], 1], [[243, 81, 3], 1]]]
182    7        [ 243, 2 ]           [[81, 27], [[[81, 27, 3], 2], [[243, 9, 3], 2]]]
183    7        [ 729, 26 ]          [[81, 9], [[[81, 9, 3], 3], [[81, 9, 9, 3], 1]]]
184    7        [ 729, 11 ]          [[9, 3], [[[9, 3, 3], 2], [[81, 27, 3], 1], [[243, 81, 3], 1]]]
185    6        [ 243, 2 ]           [[27, 27], [[[27, 27, 3], 2], [[81, 9, 3], 2]]]
186    6        [ 729, 9 ]           [[27, 3], [[[9, 3, 3, 3], 1], [[27, 9, 9], 1], [[81, 9, 3], 1], [[243, 81, 9], 1]]]
187    6        [ 729, 26 ]          [[81, 9], [[[81, 9, 3], 1], [[243, 3, 3], 2], [[243, 27, 9, 3], 1]]]
188    6        [ 729, 11 ]          [[243, 3], [[[243, 3, 3], 2], [[243, 9, 9], 1], [[729, 27, 9], 1]]]
189    6        [ 243, 17 ]          [[2187, 3], [[[2187, 3, 3], 1], [[6561, 3], 2], [[6561, 9, 3], 1]]]
190    5        [ 729, 11 ]          [[81, 3], [[[27, 27, 9], 1], [[81, 3, 3], 2], [[243, 27, 9], 1]]]
191    5        [ 729, 26 ]          [[27, 27], [[[27, 27, 3], 1], [[81, 9, 3], 2], [[81, 9, 9, 3], 1]]]
192    5        [ 243, 15 ]          [[243, 3], [[[81, 81, 27], 1], [[729, 3], 3]]]
193    5        [ 729, 9 ]           [[27, 3], [[[9, 3, 3, 3], 1], [[27, 9, 9], 3]]]
194    5        [ 729, 9 ]           [[27, 3], [[[9, 3, 3, 3], 1], [[27, 9, 9], 2], [[81, 27, 9], 1]]]
195    5        [ 729, 11 ]          [[27, 3], [[[27, 3, 3], 2], [[81, 9, 3], 1], [[243, 81, 9], 1]]]
196    5        [ 729, 26 ]          [[27, 9], [[[27, 9, 3], 3], [[27, 27, 27, 3], 1]]]
197    5        [ 729, 9 ]           [[9, 3], [[[3, 3, 3, 3], 1], [[27, 9, 3], 1], [[81, 27, 3], 1], [[243, 81, 3], 1]]]
198    5        [ 2187, 33 ]         [[9, 9], [[[9, 9, 9, 3], 1], [[27, 9, 3, 3], 2], [[81, 27, 3, 3], 1]]]
199    5        [ 729, 26 ]          [[243, 9], [[[243, 9, 9, 3], 1], [[729, 3, 3], 3]]]
200    5        [ 729, 11 ]          [[243, 3], [[[81, 27, 9], 1], [[243, 3, 3], 2], [[243, 9, 9], 1]]]
201    5        [ 729, 11 ]          [[243, 3], [[[81, 81, 27], 1], [[243, 3, 3], 2], [[243, 9, 9], 1]]]
202    5        [ 729, 26 ]          [[81, 9], [[[27, 27, 3], 1], [[81, 9, 3], 2], [[81, 9, 9, 3], 1]]]
203    5        [ 729, 11 ]          [[243, 3], [[[243, 3, 3], 2], [[243, 27, 27], 1], [[729, 9, 3], 1]]]
204    4        [ 729, 9 ]           [[81, 3], [[[27, 3, 3, 3], 1], [[81, 9, 9], 1], [[81, 27, 27], 1], [[243, 9, 3], 1]]]
205    4        [ 729, 11 ]          [[81, 3], [[[81, 3, 3], 2], [[81, 9, 9], 1], [[81, 81, 81], 1]]]
206    4        [ 729, 26 ]          [[27, 9], [[[9, 9, 9, 9], 1], [[27, 9, 3], 3]]]
207    4        [ 243, 17 ]          [[243, 3], [[[243, 3, 3], 1], [[729, 3], 2], [[729, 81, 27], 1]]]
208    4        [ 729, 9 ]           [[9, 3], [[[3, 3, 3, 3], 1], [[9, 9, 9], 2], [[243, 81, 3], 1]]]
209    4        [ 729, 9 ]           [[81, 3], [[[27, 3, 3, 3], 1], [[81, 27, 27], 1], [[243, 9, 3], 2]]]
210    4        [ 243, 17 ]          [[729, 3], [[[729, 3, 3], 1], [[2187, 3], 2], [[2187, 81, 27], 1]]]
211    4        [ 243, 2 ]           [[729, 9], [[[729, 9, 3], 2], [[2187, 3, 3], 2]]]
212    4        [ 729, 11 ]          [[729, 3], [[[729, 3, 3], 2], [[729, 9, 9], 2]]]
213    4        [ 243, 13 ]          [[2187, 3], [[[729, 3, 3, 3], 1], [[6561, 3], 3]]]
214    4        [ 243, 17 ]          [[243, 3], [[[243, 3, 3], 1], [[243, 81, 81], 1], [[729, 3], 2]]]
215    3        [ 729, 26 ]          [[81, 9], [[[81, 9, 3], 1], [[81, 27, 27, 3], 1], [[243, 3, 3], 2]]]
216    3        [ 729, 9 ]           [[81, 3], [[[27, 3, 3, 3], 1], [[81, 9, 9], 2], [[243, 27, 9], 1]]]
217    3        [ 729, 11 ]          [[27, 3], [[[27, 3, 3], 2], [[81, 27, 9], 1], [[243, 81, 9], 1]]]
218    3        [ 243, 15 ]          [[9, 3], [[[27, 3], 3], [[729, 243, 3], 1]]]
219    3        [ 729, 26 ]          [[81, 9], [[[81, 27, 27, 3], 1], [[243, 3, 3], 3]]]
220    3        [ 729, 11 ]          [[81, 3], [[[27, 27, 9], 1], [[81, 3, 3], 2], [[81, 27, 27], 1]]]
221    3        [ 729, 26 ]          [[243, 9], [[[243, 9, 3], 1], [[243, 9, 9, 3], 1], [[729, 3, 3], 2]]]
222    3        [ 2187, 33 ]         [[27, 9], [[[27, 9, 9, 3], 2], [[81, 9, 3, 3], 2]]]
223    3        [ 729, 10 ]          [[27, 3], [[[9, 9, 3], 1], [[27, 3, 3], 2], [[729, 243, 9], 1]]]
224    3        [ 243, 3 ]           [[3, 3], [[[3, 3, 3], 2], [[81, 27], 1], [[729, 243], 1]]]
225    3        [ 2187, 33 ]         [[27, 9], [[[27, 9, 9, 3], 1], [[81, 9, 3, 3], 3]]]
226    3        [ 729, 11 ]          [[729, 3], [[[729, 3, 3], 2], [[729, 9, 9], 1], [[2187, 9, 3], 1]]]
227    3        [ 729, 9 ]           [[27, 3], [[[9, 3, 3, 3], 1], [[81, 9, 3], 1], [[81, 27, 9], 1], [[243, 81, 9], 1]]]
228    3        [ 729, 9 ]           [[243, 3], [[[81, 3, 3, 3], 1], [[243, 9, 9], 2], [[729, 9, 3], 1]]]
229    3        [ 729, 26 ]          [[9, 9], [[[27, 3, 3], 3], [[243, 81, 3, 3], 1]]]
230    3        [ 729, 9 ]           [[27, 3], [[[9, 3, 3, 3], 1], [[81, 9, 3], 1], [[81, 27, 9], 2]]]
231    3        [ 729, 11 ]          [[81, 3], [[[81, 3, 3], 2], [[81, 9, 9], 1], [[243, 81, 27], 1]]]
232    3        [ 243, 2 ]           [[27, 27], [[[27, 27, 3], 1], [[81, 9, 3], 3]]]
233    3        [ 729, 10 ]          [[81, 3], [[[27, 9, 3], 1], [[81, 3, 3], 2], [[243, 81, 27], 1]]]
234    3        [ 243, 14 ]          [[2187, 3], [[[729, 9, 3], 1], [[6561, 3], 3]]]
235    3        [ 729, 26 ]          [[81, 27], [[[81, 27, 3], 1], [[243, 9, 3], 2], [[243, 9, 9, 3], 1]]]
236    2        [ 729, 9 ]           [[27, 3], [[[9, 3, 3, 3], 1], [[27, 9, 9], 2], [[27, 27, 27], 1]]]
237    2        [ 729, 10 ]          [[9, 3], [[[9, 3, 3], 3], [[729, 243, 3], 1]]]
238    2        [ 729, 9 ]           [[243, 3], [[[81, 3, 3, 3], 1], [[243, 9, 9], 1], [[729, 9, 3], 1], [[729, 27, 9], 1]]]
239    2        [ 729, 10 ]          [[729, 3], [[[243, 9, 3], 1], [[729, 3, 3], 2], [[729, 9, 9], 1]]]
240    2        [ 729, 11 ]          [[81, 3], [[[81, 3, 3], 2], [[81, 27, 27], 1], [[243, 27, 9], 1]]]
241    2        [ 243, 15 ]          [[729, 3], [[[243, 81, 27], 1], [[2187, 3], 3]]]
242    2        [ 729, 26 ]          [[243, 9], [[[81, 27, 3], 1], [[243, 9, 3], 2], [[729, 9, 3, 3], 1]]]
243    2        [ 2187, 33 ]         [[9, 9], [[[27, 9, 3, 3], 4]]]
244    2        [ 729, 26 ]          [[243, 9], [[[81, 27, 3], 1], [[243, 9, 3], 2], [[243, 9, 9, 3], 1]]]
245    2        [ 729, 9 ]           [[27, 3], [[[9, 3, 3, 3], 1], [[81, 9, 3], 2], [[243, 81, 9], 1]]]
246    2        [ 729, 9 ]           [[243, 3], [[[81, 3, 3, 3], 1], [[729, 9, 3], 2], [[729, 81, 27], 1]]]
247    2        [ 729, 26 ]          [[81, 9], [[[27, 27, 9, 3], 1], [[81, 9, 3], 3]]]
248    2        [ 729, 11 ]          [[243, 3], [[[81, 81, 27], 1], [[243, 3, 3], 2], [[729, 9, 3], 1]]]
249    2        [ 729, 26 ]          [[27, 27], [[[81, 9, 3], 3], [[81, 9, 9, 3], 1]]]
250    2        [ 729, 26 ]          [[27, 9], [[[27, 9, 3], 3], [[243, 81, 9, 3], 1]]]
251    2        [ 729, 10 ]          [[243, 3], [[[81, 9, 3], 1], [[243, 3, 3], 2], [[243, 27, 27], 1]]]
252    2        [ 729, 26 ]          [[27, 9], [[[27, 9, 3], 1], [[81, 3, 3], 2], [[243, 81, 9, 3], 1]]]
253    2        [ 729, 11 ]          [[27, 3], [[[27, 3, 3], 2], [[27, 9, 9], 1], [[729, 243, 9], 1]]]
254    2        [ 729, 9 ]           [[81, 3], [[[27, 3, 3, 3], 1], [[243, 9, 3], 2], [[243, 81, 27], 1]]]
255    2        [ 729, 11 ]          [[729, 3], [[[729, 3, 3], 2], [[729, 27, 27], 1], [[2187, 9, 3], 1]]]
256    2        [ 2187, 33 ]         [[9, 9], [[[9, 9, 9, 3], 2], [[27, 9, 3, 3], 1], [[81, 27, 3, 3], 1]]]
257    2        [ 729, 11 ]          [[729, 3], [[[243, 27, 9], 1], [[729, 3, 3], 2], [[2187, 27, 9], 1]]]
258    2        [ 729, 11 ]          [[81, 3], [[[27, 27, 9], 1], [[81, 3, 3], 2], [[243, 81, 27], 1]]]
259    2        [ 729, 11 ]          [[243, 3], [[[243, 3, 3], 2], [[243, 9, 9], 1], [[243, 27, 27], 1]]]
260    2        [ 729, 11 ]          [[81, 3], [[[81, 3, 3], 2], [[81, 27, 27], 2]]]
261    2        [ 243, 15 ]          [[729, 3], [[[729, 27, 27], 1], [[2187, 3], 3]]]
262    2        [ 729, 10 ]          [[81, 3], [[[27, 9, 3], 1], [[81, 3, 3], 2], [[81, 81, 81], 1]]]
263    2        [ 2187, 33 ]         [[9, 9], [[[9, 9, 9, 3], 3], [[27, 9, 3, 3], 1]]]
264    2        [ 729, 10 ]          [[2187, 3], [[[729, 9, 3], 1], [[2187, 3, 3], 2], [[6561, 9, 3], 1]]]
265    2        [ 243, 2 ]           [[81, 27], [[[81, 27, 3], 1], [[243, 9, 3], 3]]]
266    2        [ 243, 17 ]          [[2187, 3], [[[2187, 3, 3], 1], [[2187, 9, 9], 1], [[6561, 3], 2]]]
267    2        [ 729, 9 ]           [[729, 3], [[[243, 3, 3, 3], 1], [[729, 9, 9], 1], [[2187, 9, 3], 2]]]
268    2        [ 729, 11 ]          [[243, 3], [[[243, 3, 3], 2], [[243, 81, 81], 1], [[729, 9, 3], 1]]]
269    2        [ 243, 2 ]           [[729, 9], [[[243, 27, 3], 1], [[2187, 3, 3], 3]]]
270    2        [ 243, 15 ]          [[2187, 3], [[[2187, 9, 9], 1], [[6561, 3], 3]]]
271    2        [ 729, 9 ]           [[729, 3], [[[243, 3, 3, 3], 1], [[2187, 9, 3], 3]]]
272    2        [ 729, 11 ]          [[729, 3], [[[243, 27, 9], 1], [[729, 3, 3], 2], [[2187, 9, 3], 1]]]
273    1        [ 729, 26 ]          [[81, 9], [[[27, 9, 9, 9], 1], [[243, 3, 3], 3]]]
274    1        [ 729, 26 ]          [[243, 9], [[[243, 27, 27, 3], 1], [[729, 3, 3], 3]]]
275    1        [ 729, 9 ]           [[81, 3], [[[27, 3, 3, 3], 1], [[81, 9, 9], 3]]]
276    1        [ 729, 9 ]           [[9, 3], [[[3, 3, 3, 3], 1], [[9, 9, 9], 1], [[81, 27, 3], 1], [[729, 243, 3], 1]]]
277    1        [ 2187, 33 ]         [[81, 9], [[[81, 9, 9, 3], 1], [[81, 27, 27, 3], 1], [[243, 9, 3, 3], 1], [[243, 27, 9, 3], 1]]]
278    1        [ 729, 11 ]          [[243, 3], [[[81, 27, 9], 1], [[243, 3, 3], 2], [[729, 27, 9], 1]]]
279    1        [ 2187, 33 ]         [[27, 9], [[[81, 9, 3, 3], 3], [[81, 27, 9, 3], 1]]]
280    1        [ 729, 9 ]           [[9, 3], [[[3, 3, 3, 3], 1], [[9, 9, 9], 1], [[81, 27, 3], 1], [[243, 81, 3], 1]]]
281    1        [ 729, 26 ]          [[81, 9], [[[81, 9, 3], 3], [[81, 27, 27, 3], 1]]]
282    1        [ 729, 9 ]           [[243, 3], [[[81, 3, 3, 3], 1], [[243, 27, 27], 1], [[729, 9, 3], 2]]]
283    1        [ 729, 9 ]           [[81, 3], [[[27, 3, 3, 3], 1], [[81, 9, 9], 1], [[243, 27, 9], 2]]]
284    1        [ 2187, 33 ]         [[81, 9], [[[81, 9, 9, 3], 1], [[243, 9, 3, 3], 3]]]
285    1        [ 729, 9 ]           [[27, 3], [[[9, 3, 3, 3], 1], [[27, 9, 9], 1], [[81, 27, 9], 2]]]
286    1        [ 729, 9 ]           [[27, 3], [[[9, 3, 3, 3], 1], [[27, 9, 9], 2], [[243, 81, 9], 1]]]
287    1        [ 729, 9 ]           [[243, 3], [[[81, 3, 3, 3], 1], [[729, 9, 3], 2], [[729, 27, 9], 1]]]
288    1        [ 729, 11 ]          [[729, 3], [[[729, 3, 3], 2], [[729, 9, 9], 1], [[2187, 27, 9], 1]]]
289    1        [ 2187, 33 ]         [[243, 9], [[[81, 27, 9, 3], 1], [[243, 9, 9, 3], 1], [[729, 9, 3, 3], 2]]]
290    1        [ 729, 26 ]          [[729, 9], [[[243, 27, 3], 1], [[729, 9, 3], 2], [[2187, 9, 3, 3], 1]]]
291    1        [ 729, 26 ]          [[243, 9], [[[243, 9, 3], 3], [[243, 27, 27, 3], 1]]]
292    1        [ 243, 17 ]          [[27, 3], [[[27, 3, 3], 1], [[81, 3], 2], [[2187, 729, 9], 1]]]
293    1        [ 729, 26 ]          [[81, 9], [[[27, 27, 3], 1], [[81, 9, 3], 2], [[243, 27, 9, 3], 1]]]
294    1        [ 729, 10 ]          [[729, 3], [[[243, 9, 3], 1], [[729, 3, 3], 2], [[2187, 27, 9], 1]]]
295    1        [ 729, 26 ]          [[27, 27], [[[27, 27, 3], 1], [[27, 27, 9, 3], 1], [[81, 9, 3], 2]]]
296    1        [ 729, 26 ]          [[9, 9], [[[9, 9, 3], 1], [[27, 3, 3], 2], [[729, 243, 3, 3], 1]]]
297    1        [ 729, 9 ]           [[81, 3], [[[27, 3, 3, 3], 1], [[243, 9, 3], 1], [[243, 27, 9], 2]]]
298    1        [ 729, 11 ]          [[729, 3], [[[243, 81, 27], 1], [[729, 3, 3], 2], [[2187, 9, 3], 1]]]
299    1        [ 729, 26 ]          [[81, 27], [[[81, 27, 3], 1], [[243, 9, 3], 2], [[243, 27, 9, 9], 1]]]
300    1        [ 729, 9 ]           [[81, 3], [[[27, 3, 3, 3], 1], [[81, 27, 27], 1], [[243, 9, 3], 1], [[243, 27, 9], 1]]]
301    1        [ 729, 11 ]          [[2187, 3], [[[729, 27, 9], 1], [[2187, 3, 3], 2], [[2187, 27, 27], 1]]]
302    1        [ 729, 9 ]           [[81, 3], [[[27, 3, 3, 3], 1], [[81, 27, 27], 1], [[243, 9, 3], 1], [[243, 81, 27], 1]]]
303    1        [ 729, 26 ]          [[729, 9], [[[729, 9, 3], 1], [[2187, 3, 3], 2], [[2187, 9, 3, 3], 1]]]
304    1        [ 2187, 33 ]         [[27, 9], [[[27, 9, 9, 3], 1], [[27, 27, 27, 3], 1], [[81, 9, 3, 3], 2]]]
305    1        [ 729, 11 ]          [[2187, 3], [[[2187, 3, 3], 2], [[2187, 27, 27], 1], [[6561, 9, 3], 1]]]
306    1        [ 729, 11 ]          [[2187, 3], [[[2187, 3, 3], 2], [[2187, 9, 9], 1], [[6561, 9, 3], 1]]]
307    1        [ 243, 15 ]          [[2187, 3], [[[729, 27, 9], 1], [[6561, 3], 3]]]
308    1        [ 729, 26 ]          [[243, 9], [[[243, 9, 3], 1], [[729, 3, 3], 2], [[729, 27, 9, 3], 1]]]
309    1        [ 729, 9 ]           [[2187, 3], [[[729, 3, 3, 3], 1], [[6561, 9, 3], 2], [[6561, 27, 9], 1]]]
310    1        [ 243, 17 ]          [[9, 3], [[[9, 3, 3], 1], [[27, 3], 2], [[2187, 729, 3], 1]]]
311    1        [ 729, 11 ]          [[729, 3], [[[729, 3, 3], 2], [[729, 9, 9], 1], [[729, 27, 27], 1]]]
312    1        [ 729, 9 ]           [[729, 3], [[[243, 3, 3, 3], 1], [[729, 27, 27], 1], [[729, 81, 81], 1], [[2187, 9, 3], 1]]]
313    1        [ 2187, 33 ]         [[27, 9], [[[27, 9, 9, 3], 2], [[81, 9, 3, 3], 1], [[81, 27, 9, 3], 1]]]
314    1        [ 2187, 33 ]         [[81, 9], [[[81, 9, 9, 3], 1], [[81, 27, 27, 3], 1], [[243, 9, 3, 3], 2]]]
315    1        [ 243, 15 ]          [[729, 3], [[[729, 81, 81], 1], [[2187, 3], 3]]]
316    1        [ 729, 11 ]          [[243, 3], [[[243, 3, 3], 2], [[243, 9, 9], 1], [[243, 81, 81], 1]]]
317    1        [ 729, 26 ]          [[27, 27], [[[27, 27, 9, 3], 1], [[81, 9, 3], 3]]]
318    1        [ 729, 9 ]           [[729, 3], [[[243, 3, 3, 3], 1], [[729, 9, 9], 2], [[2187, 9, 3], 1]]]
319    1        [ 729, 26 ]          [[729, 9], [[[729, 9, 3], 1], [[729, 9, 9, 3], 1], [[2187, 3, 3], 2]]]
320    1        [ 729, 11 ]          [[729, 3], [[[243, 27, 9], 1], [[729, 3, 3], 2], [[729, 9, 9], 1]]]
321    1        [ 243, 17 ]          [[6561, 3], [[[6561, 3, 3], 1], [[19683, 3], 2], [[19683, 27, 9], 1]]]
322    1        [ 729, 9 ]           [[243, 3], [[[81, 3, 3, 3], 1], [[243, 9, 9], 3]]]
323    1        [ 729, 9 ]           [[2187, 3], [[[729, 3, 3, 3], 1], [[2187, 9, 9], 1], [[6561, 9, 3], 2]]]
324    1        [ 729, 9 ]           [[27, 3], [[[9, 3, 3, 3], 1], [[27, 27, 27], 2], [[81, 9, 3], 1]]]
325    1        [ 729, 26 ]          [[81, 9], [[[81, 9, 3], 3], [[243, 81, 27, 3], 1]]]
326    1        [ 729, 9 ]           [[243, 3], [[[81, 3, 3, 3], 1], [[729, 9, 3], 1], [[729, 27, 9], 1], [[729, 243, 81], 1]]]
327    1        [ 729, 11 ]          [[9, 3], [[[9, 3, 3], 2], [[81, 27, 3], 1], [[729, 243, 3], 1]]]
328    1        [ 729, 26 ]          [[27, 9], [[[27, 9, 3], 1], [[81, 3, 3], 2], [[729, 243, 9, 3], 1]]]
329    1        [ 2187, 33 ]         [[81, 9], [[[81, 9, 9, 3], 2], [[243, 9, 3, 3], 2]]]
330    1        [ 729, 11 ]          [[27, 3], [[[27, 3, 3], 2], [[81, 9, 3], 1], [[729, 243, 9], 1]]]
331    1        [ 243, 17 ]          [[243, 3], [[[243, 3, 3], 1], [[243, 243, 243], 1], [[729, 3], 2]]]
332    1        [ 243, 8 ]           [[3, 3], [[[9, 3], 3], [[2187, 729], 1]]]
333    1        [ 729, 9 ]           [[9, 3], [[[3, 3, 3, 3], 1], [[27, 9, 3], 1], [[243, 81, 3], 1], [[729, 243, 3], 1]]]
334    1        [ 243, 17 ]          [[81, 3], [[[81, 3, 3], 1], [[243, 3], 2], [[729, 243, 27], 1]]]
335    1        [ 729, 9 ]           [[9, 3], [[[3, 3, 3, 3], 1], [[81, 27, 3], 3]]]
336    1        [ 243, 3 ]           [[3, 3], [[[3, 3, 3], 2], [[243, 81], 1], [[729, 243], 1]]]
337    1        [ 729, 26 ]          [[81, 9], [[[27, 27, 9, 3], 1], [[243, 3, 3], 3]]]
338    1        [ 729, 9 ]           [[243, 3], [[[81, 3, 3, 3], 1], [[243, 9, 9], 1], [[243, 27, 27], 1], [[729, 9, 3], 1]]]
339    1        [ 2187, 33 ]         [[9, 9], [[[27, 9, 3, 3], 2], [[81, 27, 3, 3], 2]]]
340    1        [ 2187, 33 ]         [[9, 9], [[[27, 9, 3, 3], 3], [[81, 27, 3, 3], 1]]]
341    1        [ 729, 9 ]           [[243, 3], [[[81, 3, 3, 3], 1], [[243, 9, 9], 1], [[243, 243, 243], 1], [[729, 9, 3], 1]]]
342    1        [ 729, 11 ]          [[27, 3], [[[27, 3, 3], 2], [[81, 27, 9], 1], [[729, 243, 9], 1]]]
343    1        [ 243, 15 ]          [[27, 3], [[[81, 3], 3], [[729, 243, 9], 1]]]
344    1        [ 729, 9 ]           [[729, 3], [[[243, 3, 3, 3], 1], [[729, 9, 9], 1], [[2187, 9, 3], 1], [[2187, 27, 9], 1]]]
345    1        [ 729, 11 ]          [[9, 3], [[[9, 3, 3], 2], [[9, 9, 9], 1], [[729, 243, 3], 1]]]

